317641 1016380
22821 561476 27203 46032 46051 561631 36161 36423 703170 36341 27921 37021 35692 45175 22821 149046 239681
22821 46033 46021 561608 37901 1000002 27711 27922 703150 703130 36622 36552 46461 45271 561458 36401 36331 36141 27931 36191 22821 168595 776699
22821 22821 0 0

308128 1159116
22821 36141 561608 561631 27921 27711 36331 36423 46051 46021 561458 45175 46033 36622 1000002 36161 27931 37901 703150 36401 22821 181069 699697
22821 703170 703130 37021 45271 46032 35692 46461 36552 36191 561476 36341 27922 27203 22821 127059 459419
22821 22821 0 0

391862 857190
22821 37901 561608 1000002 36552 36401 46033 27922 36191 703130 703150 36331 45271 46461 46021 561458 36622 36141 27711 27931 22821 170993 592952
22821 37021 561631 703170 35692 36423 46051 46032 36341 45175 27203 27921 36161 561476 22821 220869 264238
22821 22821 0 0

460193 856048
22821 36191 46033 46461 37901 36552 561608 36331 36401 36622 36141 46021 561458 45271 27711 27922 703130 27931 703150 1000002 22821 157840 567607
22821 46032 45175 46051 36341 27203 35692 37021 561476 561631 27921 703170 36423 36161 22821 302353 288441
22821 22821 0 0

344769 962846
22821 1000002 46033 46051 36423 36401 561608 45175 36141 37901 561631 27921 27931 703150 27711 46021 36622 36331 561458 36161 22821 182078 540415
22821 561476 35692 36552 703130 46032 45271 36191 703170 37021 36341 46461 27922 27203 22821 162691 422431
22821 22821 0 0

369737 945105
22821 561608 37901 46461 46033 703130 36401 1000002 27922 27711 27931 703150 36552 45271 36622 561458 36141 36331 36191 46021 22821 198289 716467
22821 46032 35692 36341 46051 27921 37021 703170 45175 36423 561631 36161 561476 27203 22821 171448 228638
22821 22821 0 0

310537 1032362
22821 1000002 46021 45271 561608 36622 36552 561458 46033 36141 27711 27931 703130 27922 37901 46461 36331 36191 36401 703150 22821 156613 778532
22821 36423 37021 35692 45175 46051 561631 36341 561476 46032 36161 27921 703170 27203 22821 153924 253830
22821 22821 0 0

339344 968178
22821 46033 1000002 36552 561608 37901 46461 36141 36191 703150 27922 703130 46021 45271 36331 36401 36622 561458 27931 27711 22821 177876 668999
22821 561631 36161 703170 37021 45175 46051 36341 46032 27921 35692 36423 561476 27203 22821 161468 299179
22821 22821 0 0

