306848 1307530
22821 35692 27922 703130 703170 36191 36552 45271 46461 36341 46032 37021 561476 27203 22821 146266 452144
22821 561458 45175 36161 1000002 37901 561608 46021 36141 27931 36401 36622 36423 36331 46033 46051 561631 27711 27921 703150 22821 160582 855386
22821 22821 0 0

428684 894285
22821 35692 36423 36341 27203 36161 37021 27921 703170 46032 45175 46051 561476 561631 22821 246856 231913
22821 36401 27711 36141 45271 46461 37901 703130 27922 561608 561458 36622 46021 46033 703150 27931 36331 36552 36191 1000002 22821 181828 662372
22821 22821 0 0

334784 1004019
22821 27922 27711 36552 561608 36622 561458 46033 45271 46461 1000002 703130 36141 36331 46021 37901 27931 703150 36191 36401 22821 202296 780932
22821 561476 36341 46032 703170 27203 37021 561631 46051 35692 36423 27921 36161 45175 22821 132488 223087
22821 22821 0 0

327258 1064992
22821 37901 561608 561631 1000002 46033 46051 45175 36331 36423 27921 703150 36401 27931 36141 36622 561458 46021 36161 27711 22821 179936 636102
22821 45271 36341 46032 703130 703170 561476 35692 46461 36191 36552 37021 27922 27203 22821 147322 428890
22821 22821 0 0

362979 923890
22821 27711 1000002 36401 36141 46033 561608 36191 36552 37901 36331 703130 27931 703150 27922 45271 46461 561458 36622 46021 22821 181577 633622
22821 36161 37021 27921 36423 561476 46032 703170 27203 561631 36341 35692 46051 45175 22821 181402 290268
22821 22821 0 0

322683 1067219
22821 1000002 561608 46033 36423 36622 36141 36161 45175 46021 46051 37901 27711 561458 36331 36401 561631 27931 703150 27921 22821 154236 642041
22821 561476 36191 27203 35692 37021 703170 36341 45271 36552 46032 46461 703130 27922 22821 168447 425178
22821 22821 0 0

341462 963905
22821 36341 27922 46461 46032 45271 35692 561476 36552 36191 703170 37021 703130 27203 22821 170341 397831
22821 1000002 36141 37901 27711 36401 36423 46051 46033 45175 36161 561631 27931 561608 46021 561458 27921 36331 36622 703150 22821 171121 566074
22821 22821 0 0

404160 906934
22821 37901 561608 36401 36141 27711 703130 36622 45271 46021 561458 36552 46033 46461 27922 36331 27931 36191 1000002 703150 22821 166508 645737
22821 36423 27203 561476 35692 45175 36341 561631 703170 36161 37021 46032 46051 27921 22821 237652 261197
22821 22821 0 0

496567 886100
22821 703170 35692 561631 36423 561476 46051 27921 27203 46032 45175 36161 36341 37021 22821 325419 279120
22821 37901 1000002 561608 36552 45271 46461 46033 561458 46021 703150 27922 36622 36401 36331 36141 27711 27931 36191 703130 22821 171148 606980
22821 22821 0 0

315117 1081443
22821 46032 45271 35692 36191 703170 703130 36552 561476 46461 37021 36341 27203 27922 22821 151194 409795
22821 561631 37901 46051 36401 45175 36331 36622 46021 561458 27921 36161 36141 36423 46033 561608 1000002 703150 27931 27711 22821 163923 671648
22821 22821 0 0

310388 1243792
22821 45271 561458 36552 46461 561608 37901 46021 46033 703150 27931 1000002 36191 36331 36401 27711 703130 36141 36622 27922 22821 163788 993651
22821 27203 703170 36423 46051 46032 561476 35692 36341 36161 37021 561631 27921 45175 22821 146600 250141
22821 22821 0 0

