84730 220533
22821 561494 33141 561571 22761 22912 22821 43243 37325
22821 561566 22871 33231 33431 23081 13741 22821 41487 183208
22821 22821 0 0
22821 22821 0 0

86507 129770
22821 561494 33141 561571 22761 22912 22821 43243 37325
22821 561566 23081 13741 33431 33231 22871 22821 43264 92445
22821 22821 0 0
22821 22821 0 0

83152 237375
22821 561566 22871 561571 33431 33141 23081 13741 22761 22821 46448 195854
22821 22912 561494 33231 22821 36704 41521
22821 22821 0 0
22821 22821 0 0

92898 128141
22821 561494 33141 561571 22761 22912 22821 43243 37325
22821 13741 23081 561566 33431 33231 22871 22821 49655 90816
22821 22821 0 0
22821 22821 0 0

86507 129770
22821 561494 33141 561571 22761 22912 22821 43243 37325
22821 561566 23081 13741 33431 33231 22871 22821 43264 92445
22821 22821 0 0
22821 22821 0 0

83303 233337
22821 561566 561571 33431 22871 33141 23081 13741 22761 22821 46599 191816
22821 22912 561494 33231 22821 36704 41521
22821 22821 0 0
22821 22821 0 0

86507 129770
22821 561494 33141 561571 22761 22912 22821 43243 37325
22821 561566 23081 13741 33431 33231 22871 22821 43264 92445
22821 22821 0 0
22821 22821 0 0

85080 192285
22821 561494 33141 561571 22761 22912 22821 43243 37325
22821 561566 33431 33231 13741 23081 22871 22821 41837 154960
22821 22821 0 0
22821 22821 0 0

86507 129770
22821 561494 33141 561571 22761 22912 22821 43243 37325
22821 561566 23081 13741 33431 33231 22871 22821 43264 92445
22821 22821 0 0
22821 22821 0 0

78787 316875
22821 561566 561571 22871 33431 33141 23081 13741 22761 22821 44216 203513
22821 33231 561494 22912 22821 34571 113362
22821 22821 0 0
22821 22821 0 0

84730 220533
22821 561494 33141 561571 22761 22912 22821 43243 37325
22821 561566 22871 33431 33231 13741 23081 22821 41487 183208
22821 22821 0 0
22821 22821 0 0

84730 220533
22821 561494 33141 561571 22761 22912 22821 43243 37325
22821 561566 22871 33431 33231 13741 23081 22821 41487 183208
22821 22821 0 0
22821 22821 0 0

85825 190031
22821 561566 561571 23081 13741 33141 33431 22871 22761 22821 49872 136848
22821 561494 33231 22912 22821 35953 53183
22821 22821 0 0
22821 22821 0 0

84730 220533
22821 561494 33141 561571 22761 22912 22821 43243 37325
22821 561566 22871 23081 13741 33231 33431 22821 41487 183208
22821 22821 0 0
22821 22821 0 0

85080 192285
22821 561494 33141 561571 22761 22912 22821 43243 37325
22821 561566 33431 33231 13741 23081 22871 22821 41837 154960
22821 22821 0 0
22821 22821 0 0

85080 192285
22821 561494 33141 561571 22761 22912 22821 43243 37325
22821 561566 33431 33231 13741 23081 22871 22821 41837 154960
22821 22821 0 0
22821 22821 0 0

84730 220533
22821 561494 33141 561571 22761 22912 22821 43243 37325
22821 561566 22871 33431 33231 13741 23081 22821 41487 183208
22821 22821 0 0
22821 22821 0 0

80920 245034
22821 561566 561571 22871 33431 33141 23081 13741 22761 22821 44216 203513
22821 22912 561494 33231 22821 36704 41521
22821 22821 0 0
22821 22821 0 0

85080 192285
22821 561494 33141 561571 22761 22912 22821 43243 37325
22821 561566 33431 33231 13741 23081 22871 22821 41837 154960
22821 22821 0 0
22821 22821 0 0

86507 129770
22821 561494 33141 561571 22761 22912 22821 43243 37325
22821 561566 13741 23081 33431 33231 22871 22821 43264 92445
22821 22821 0 0
22821 22821 0 0

86507 129770
22821 561494 33141 561571 22761 22912 22821 43243 37325
22821 561566 23081 13741 33431 33231 22871 22821 43264 92445
22821 22821 0 0
22821 22821 0 0

84730 220533
22821 561494 33141 561571 22761 22912 22821 43243 37325
22821 561566 22871 23081 13741 33431 33231 22821 41487 183208
22821 22821 0 0
22821 22821 0 0

86507 129770
22821 561494 33141 561571 22761 22912 22821 43243 37325
22821 561566 13741 23081 33431 33231 22871 22821 43264 92445
22821 22821 0 0
22821 22821 0 0

84730 220533
22821 561494 33141 561571 22761 22912 22821 43243 37325
22821 561566 22871 23081 13741 33231 33431 22821 41487 183208
22821 22821 0 0
22821 22821 0 0

84730 220533
22821 561494 33141 561571 22761 22912 22821 43243 37325
22821 561566 22871 23081 13741 33431 33231 22821 41487 183208
22821 22821 0 0
22821 22821 0 0

86507 129770
22821 561494 33141 561571 22761 22912 22821 43243 37325
22821 561566 13741 23081 33431 33231 22871 22821 43264 92445
22821 22821 0 0
22821 22821 0 0

84730 220533
22821 561494 33141 561571 22761 22912 22821 43243 37325
22821 561566 22871 23081 13741 33431 33231 22821 41487 183208
22821 22821 0 0
22821 22821 0 0

86507 129770
22821 561494 33141 561571 22761 22912 22821 43243 37325
22821 561566 13741 23081 33431 33231 22871 22821 43264 92445
22821 22821 0 0
22821 22821 0 0

80920 245034
22821 561566 561571 22871 33431 33141 23081 13741 22761 22821 44216 203513
22821 22912 561494 33231 22821 36704 41521
22821 22821 0 0
22821 22821 0 0

84730 220533
22821 561494 33141 561571 22761 22912 22821 43243 37325
22821 561566 22871 23081 13741 33431 33231 22821 41487 183208
22821 22821 0 0
22821 22821 0 0

85825 190031
22821 561566 561571 13741 23081 33141 33431 22871 22761 22821 49872 136848
22821 561494 33231 22912 22821 35953 53183
22821 22821 0 0
22821 22821 0 0

84730 220533
22821 561494 33141 561571 22761 22912 22821 43243 37325
22821 561566 22871 33431 33231 23081 13741 22821 41487 183208
22821 22821 0 0
22821 22821 0 0

84730 220533
22821 561494 33141 561571 22761 22912 22821 43243 37325
22821 561566 22871 33231 33431 23081 13741 22821 41487 183208
22821 22821 0 0
22821 22821 0 0

84730 220533
22821 561494 33141 561571 22761 22912 22821 43243 37325
22821 561566 22871 33431 33231 13741 23081 22821 41487 183208
22821 22821 0 0
22821 22821 0 0

84730 220533
22821 561494 33141 561571 22761 22912 22821 43243 37325
22821 561566 22871 23081 13741 33431 33231 22821 41487 183208
22821 22821 0 0
22821 22821 0 0

85080 192285
22821 561494 33141 561571 22761 22912 22821 43243 37325
22821 561566 33431 33231 13741 23081 22871 22821 41837 154960
22821 22821 0 0
22821 22821 0 0

84730 220533
22821 561494 33141 561571 22761 22912 22821 43243 37325
22821 561566 22871 23081 13741 33231 33431 22821 41487 183208
22821 22821 0 0
22821 22821 0 0

84730 220533
22821 561494 33141 561571 22761 22912 22821 43243 37325
22821 561566 22871 23081 13741 33431 33231 22821 41487 183208
22821 22821 0 0
22821 22821 0 0

84730 220533
22821 561566 22871 33231 33431 23081 13741 22821 41487 183208
22821 561494 33141 561571 22761 22912 22821 43243 37325
22821 22821 0 0
22821 22821 0 0

84730 220533
22821 561494 33141 561571 22761 22912 22821 43243 37325
22821 561566 22871 33231 33431 23081 13741 22821 41487 183208
22821 22821 0 0
22821 22821 0 0

84730 220533
22821 561494 33141 561571 22761 22912 22821 43243 37325
22821 561566 22871 33231 33431 23081 13741 22821 41487 183208
22821 22821 0 0
22821 22821 0 0

84730 220533
22821 561494 33141 561571 22761 22912 22821 43243 37325
22821 561566 22871 33231 33431 23081 13741 22821 41487 183208
22821 22821 0 0
22821 22821 0 0

92898 128141
22821 561494 33141 561571 22761 22912 22821 43243 37325
22821 13741 23081 561566 33431 33231 22871 22821 49655 90816
22821 22821 0 0
22821 22821 0 0

84730 220533
22821 561494 33141 561571 22761 22912 22821 43243 37325
22821 561566 22871 23081 13741 33231 33431 22821 41487 183208
22821 22821 0 0
22821 22821 0 0

78787 316875
22821 33231 561494 22912 22821 34571 113362
22821 561566 561571 22871 33431 33141 23081 13741 22761 22821 44216 203513
22821 22821 0 0
22821 22821 0 0

86507 129770
22821 561494 33141 561571 22761 22912 22821 43243 37325
22821 561566 23081 13741 33431 33231 22871 22821 43264 92445
22821 22821 0 0
22821 22821 0 0

84730 220533
22821 561494 33141 561571 22761 22912 22821 43243 37325
22821 561566 22871 33431 33231 13741 23081 22821 41487 183208
22821 22821 0 0
22821 22821 0 0

84730 220533
22821 561566 22871 33231 33431 23081 13741 22821 41487 183208
22821 561494 33141 561571 22761 22912 22821 43243 37325
22821 22821 0 0
22821 22821 0 0

84730 220533
22821 561494 33141 561571 22761 22912 22821 43243 37325
22821 561566 22871 33231 33431 23081 13741 22821 41487 183208
22821 22821 0 0
22821 22821 0 0

84730 220533
22821 561494 33141 561571 22761 22912 22821 43243 37325
22821 561566 22871 23081 13741 33431 33231 22821 41487 183208
22821 22821 0 0
22821 22821 0 0

92898 128141
22821 561494 33141 561571 22761 22912 22821 43243 37325
22821 13741 23081 561566 33431 33231 22871 22821 49655 90816
22821 22821 0 0
22821 22821 0 0

85825 190031
22821 561566 561571 13741 23081 33141 33431 22871 22761 22821 49872 136848
22821 561494 33231 22912 22821 35953 53183
22821 22821 0 0
22821 22821 0 0

86507 129770
22821 561494 33141 561571 22761 22912 22821 43243 37325
22821 561566 13741 23081 33431 33231 22871 22821 43264 92445
22821 22821 0 0
22821 22821 0 0

80169 256696
22821 561566 561571 22871 33431 33141 23081 13741 22761 22821 44216 203513
22821 561494 33231 22912 22821 35953 53183
22821 22821 0 0
22821 22821 0 0

84730 220533
22821 561494 33141 561571 22761 22912 22821 43243 37325
22821 561566 22871 33231 33431 23081 13741 22821 41487 183208
22821 22821 0 0
22821 22821 0 0

84730 220533
22821 561494 33141 561571 22761 22912 22821 43243 37325
22821 561566 22871 33431 33231 23081 13741 22821 41487 183208
22821 22821 0 0
22821 22821 0 0

86507 129770
22821 561494 33141 561571 22761 22912 22821 43243 37325
22821 561566 13741 23081 33431 33231 22871 22821 43264 92445
22821 22821 0 0
22821 22821 0 0

84730 220533
22821 561494 33141 561571 22761 22912 22821 43243 37325
22821 561566 22871 23081 13741 33431 33231 22821 41487 183208
22821 22821 0 0
22821 22821 0 0

84730 220533
22821 561494 33141 561571 22761 22912 22821 43243 37325
22821 561566 22871 23081 13741 33431 33231 22821 41487 183208
22821 22821 0 0
22821 22821 0 0

85080 192285
22821 561494 33141 561571 22761 22912 22821 43243 37325
22821 561566 33431 33231 13741 23081 22871 22821 41837 154960
22821 22821 0 0
22821 22821 0 0

85825 190031
22821 561566 561571 23081 13741 33141 33431 22871 22761 22821 49872 136848
22821 561494 33231 22912 22821 35953 53183
22821 22821 0 0
22821 22821 0 0

84730 220533
22821 561494 33141 561571 22761 22912 22821 43243 37325
22821 561566 22871 33231 33431 13741 23081 22821 41487 183208
22821 22821 0 0
22821 22821 0 0

84730 220533
22821 561494 33141 561571 22761 22912 22821 43243 37325
22821 561566 22871 33431 33231 13741 23081 22821 41487 183208
22821 22821 0 0
22821 22821 0 0

84730 220533
22821 561494 33141 561571 22761 22912 22821 43243 37325
22821 561566 22871 33431 33231 13741 23081 22821 41487 183208
22821 22821 0 0
22821 22821 0 0

