84730 220533
86507 129770
83152 237375
92898 128141
86507 129770
83303 233337
86507 129770
85080 192285
86507 129770
78787 316875
84730 220533
84730 220533
85825 190031
84730 220533
85080 192285
85080 192285
84730 220533
80920 245034
85080 192285
86507 129770
86507 129770
84730 220533
86507 129770
84730 220533
84730 220533
86507 129770
84730 220533
86507 129770
80920 245034
84730 220533
85825 190031
84730 220533
84730 220533
84730 220533
84730 220533
85080 192285
84730 220533
84730 220533
84730 220533
84730 220533
84730 220533
84730 220533
92898 128141
84730 220533
78787 316875
86507 129770
84730 220533
84730 220533
84730 220533
84730 220533
92898 128141
85825 190031
86507 129770
80169 256696
84730 220533
84730 220533
86507 129770
84730 220533
84730 220533
85080 192285
85825 190031
84730 220533
84730 220533
84730 220533
